01
01 02 03 04 05 06 07 08 09 10 11 12 13 14 19 20

04 05 06 07 08 09
01 12 13 14 19 20
02 03 10 11  
 
08 09 10 11 12 13
01 02 03 04 05 20
06 07 14 19
  
01 02 03 14 19 20
06 07 08 09 10 11
04 05 12 13 
 
02 03 04 05 06 07
10 11 12 13 14 19
01 08 09 20  

02
04 05 06 07 08 09 10 11 12 13 14 15 16 17 22 23

07 08 09 10 11 12
04 15 16 17 22 23
05 06 13 14 
 
11 12 13 14 15 16
04 05 06 07 08 23
09 10 17 22 
 
04 05 06 17 22 23
09 10 11 12 13 14
07 08 15 16 
 
05 06 07 08 09 10
13 14 15 16 17 22
04 11 12 23  

03
01 07 08 09 10 11 12 13 14 15 16 17 18 19 20 25

09 10 11 12 13 14
01 17 18 19 20 25
07 08 15 16  

13 14 15 16 17 18
01 07 08 09 10 25
11 12 19 20
 
01 07 08 19 20 25
11 12 13 14 15 16
09 10 17 18  

07 08 09 10 11 12
15 16 17 18 19 20
01 13 14 25  

04
03 04 10 11 12 13 14 15 16 17 18 19 20 21 22 23

11 12 13 14 15 16
03 19 20 21 22 23
04 10 17 18  

15 16 17 18 19 20
03 04 10 11 12 23
13 14 21 22  

03 04 10 21 22 23
13 14 15 16 17 18
11 12 19 20  

04 10 11 12 13 14
17 18 19 20 21 22
03 15 16 23  

05
01 06 07 13 14 15 16 17 18 19 20 21 22 23 24 25

13 14 15 16 17 18
01 21 22 23 24 25
06 07 19 20  

17 18 19 20 21 22
01 06 07 13 14 25
15 16 23 24  

01 06 07 23 24 25
15 16 17 18 19 20
13 14 21 22  

06 07 13 14 15 16
19 20 21 22 23 24
01 17 18 25  

06
01 02 03 04 09 10 16 17 18 19 20 21 22 23 24 25

04 09 10 16 17 18
01 21 22 23 24 25
02 03 19 20  

17 18 19 20 21 22
01 02 03 04 09 25
10 16 23 24  

01 02 03 23 24 25
10 16 17 18 19 20
04 09 21 22  

02 03 04 09 10 16
19 20 21 22 23 24
01 17 18 25  

07
01 02 03 04 05 06 07 12 13 19 20 21 22 23 24 25

04 05 06 07 12 13
01 21 22 23 24 25
02 03 19 20  
 12 13 19 20 21 22
01 02 03 04 05 25
06 07 23 24  
 01 02 03 23 24 25
06 07 12 13 19 20
04 05 21 22  
 02 03 04 05 06 07
19 20 21 22 23 24
01 12 13 25  
 08
01 02 03 04 05 06 07 08 09 10 15 16 22 23 24 25

04 05 06 07 08 09
01 16 22 23 24 25
02 03 10 15  

08 09 10 15 16 22
01 02 03 04 05 25
06 07 23 24  

01 02 03 23 24 25
06 07 08 09 10 15
04 05 16 22  

02 03 04 05 06 07
10 15 16 22 23 24
01 08 09 25  

09
01 02 03 04 05 06 07 08 09 10 11 12 13 18 19 25

04 05 06 07 08 09
01 12 13 18 19 25
02 03 10 11  

08 09 10 11 12 13
01 02 03 04 05 25
06 07 18 19  

01 02 03 18 19 25
06 07 08 09 10 11
04 05 12 13  

02 03 04 05 06 07
10 11 12 13 18 19
01 08 09 25  

10
03 04 05 06 07 08 09 10 11 12 13 14 15 16 21 22

06 07 08 09 10 11
03 14 15 16 21 22
04 05 12 13  

10 11 12 13 14 15
03 04 05 06 07 22
08 09 16 21  

03 04 05 16 21 22
08 09 10 11 12 13
06 07 14 15  

04 05 06 07 08 09
12 13 14 15 16 21
03 10 11 22  

11
06 07 08 09 10 11 12 13 14 15 16 17 18 19 24 25

09 10 11 12 13 14
06 17 18 19 24 25
07 08 15 16  

13 14 15 16 17 18
06 07 08 09 10 25
11 12 19 24  

06 07 08 19 24 25
11 12 13 14 15 16
09 10 17 18  

07 08 09 10 11 12
15 16 17 18 19 24
06 13 14 25  

12
01 02 03 04 05 06 07 08 18 19 20 21 22 23 24 25

04 05 06 07 08 18
01 21 22 23 24 25
02 03 19 20  
 08 18 19 20 21 22
01 02 03 04 05 25
06 07 23 24  
 01 02 03 23 24 25
06 07 08 18 19 20
04 05 21 22  
 02 03 04 05 06 07
19 20 21 22 23 24
01 08 18 25  
 13
01 02 03 04 05 06 07 08 09 10 11 21 22 23 24 25

04 05 06 07 08 09
01 21 22 23 24 25
02 03 10 11  

08 09 10 11 21 22
01 02 03 04 05 25
06 07 23 24  

01 02 03 23 24 25
06 07 08 09 10 11
04 05 21 22  

02 03 04 05 06 07
10 11 21 22 23 24
01 08 09 25  

14
01 02 03 04 05 06 07 08 09 10 11 12 13 14 24 25

04 05 06 07 08 09
01 12 13 14 24 25
02 03 10 11  

08 09 10 11 12 13
01 02 03 04 05 25
06 07 14 24  

01 02 03 14 24 25
06 07 08 09 10 11
04 05 12 13  

02 03 04 05 06 07
10 11 12 13 14 24
01 08 09 25 

15
02 03 04 05 06 07 08 09 10 11 12 13 14 15 16 17

05 06 07 08 09 10
02 13 14 15 16 17
03 04 11 12  

09 10 11 12 13 14
02 03 04 05 06 17
07 08 15 16  

02 03 04 15 16 17
07 08 09 10 11 12
05 06 13 14  

03 04 05 06 07 08
11 12 13 14 15 16
02 09 10 17
