--15 CONJUNTOS

--CADA CONJ. TEM 1 LINHA ESPECÍFICA DE 16 NRS + 2 GRUPOS DE 4 LINHAS DE 6 NRS CADA

--FORMAR 6 COMBINACOES DE 2 LINHAS EM CADA GRUPO DE 4 LINHAS DE 6 NRS

--APÓS FORMAR CADA COMBINACAO DE 2 LINHAS, ACRESCENTAR A 3ª LINHA COM OS NRS Q. SOBRARAM DA RESPECTIVA LINHA DE 16 NRS

--VIDE EXEMPLOS NO CONJUNTO 1

 

CONJUNTO 1

 

01 02 03 04 05 06 07 08 09 10 11 12 13 14 19 20 – LINHA DE 16 NRS

 

-grupo 1 do conj.1-

 

04 05 06 07 08 09 – linha 1

08 09 10 11 12 13 – linha 2

01 12 13 14 19 20 – linha 3

01 02 03 04 05 20 – linha 4

....................................................................................................................
1a combinacao

04 05 06 07 08 09 – linha 1

08 09 10 11 12 13 – linha 2

01 02 03 14 19 20 – 6 NRS Q. SOBRARAM DA LINHA DE 16 NRS

 
2a combinacao

04 05 06 07 08 09 – linha 1

01 12 13 14 19 20 – linha 3

02 03 10 11  - 4 NRS Q. SOBRARAM DA LINHA DE 16 NRS

 
3a combinacao

04 05 06 07 08 09 – linha 1

01 02 03 04 05 20 – linha 4

10 11 12 13 14 19 – 6 NRS Q. SOBRARAM DA LINHA DE 16 NRS 

 
4a combinacao

08 09 10 11 12 13 – linha 2

01 12 13 14 19 20 – linha 3

02 03 04 05 06 07 – 6 NRS Q. SOBRARAM DA LINHA DE 16 NRS

 
5a combinacao

08 09 10 11 12 13 – linha 2

01 02 03 04 05 20 – linha 4

06 07 14 19 – 4 NRS Q. SOBRARAM DA LINHA DE 16 NRS

 
6a combinacao

01 12 13 14 19 20 – linha 3

01 02 03 04 05 20 – linha 4

06 07 08 09 10 11 – 4 NRS Q. SOBRARAM DA LINHA DE 16 NRS

 

Xxxxxxxxxxxxxxxxxxxxxxxxxxxxxxxxxxxxxxxxxxxxxxxxxxxxxxxxxxxxxxxxxxxxxxxxxxxxxxxx

-grupo 2 do conj. 1-

 
01 02 03 14 19 20 – linha 1b
02 03 04 05 06 07 – linha 2b

06 07 08 09 10 11 – linha 3b

10 11 12 13 14 19 – linha 4b

.......................................................................................................................................
1a combinacao

01 02 03 14 19 20 – linha 1b

02 03 04 05 06 07 – linha 2b

08 09 10 11 12 13 – 6 NRS Q. SOBRARAM DA LINHA DE 16 NRS

 
2a combinacao

01 02 03 14 19 20 – linha 1b

06 07 08 09 10 11 – linha 3b

04 05 12 13 – 4 NRS Q. SOBRARAM DA LINHA DE 16 NRS

 
3a combinacao

01 02 03 14 19 20 – linha 1b

10 11 12 13 14 19 – linha 4b

04 05 06 07 08 09 – 6 NRS Q. SOBRARAM DA LINHA DE 16 NRS

 
4a combinacao

02 03 04 05 06 07 – linha 2b

06 07 08 09 10 11 – linha 3b

01 12 13 14 19 20 – 6 NRS Q. SOBRARAM DA LINHA DE 16 NRS

 
5a combinacao

02 03 04 05 06 07 – linha 2b

10 11 12 13 14 19 – linha 4b

01 08 09 20 – 4 NRS Q. SOBRARAM DA LINHA DE 16 NRS

 
6a combinacao

06 07 08 09 10 11 – linha 3b

10 11 12 13 14 19 – linha 4b

01 02 03 04 05 20 – 6 NRS Q. SOBRARAM DA LINHA DE 19 NRS

 

CONJUNTO 2

 

04 05 06 07 08 09 10 11 12 13 14 15 16 17 22 23 – LINHA DE 16 NRS

 

-grupo 1 co conj. 2-

 

07 08 09 10 11 12

11 12 13 14 15 16

04 15 16 17 22 23

04 05 06 07 08 23

 

-grupo 2 do conj.2-

 

04 05 06 17 22 23

05 06 07 08 09 10

09 10 11 12 13 14

13 14 15 16 17 22

 

CONJUNTO 3

 

01 07 08 09 10 11 12 13 14 15 16 17 18 19 20 25

 

09 10 11 12 13 14

13 14 15 16 17 18

01 17 18 19 20 25

01 07 08 09 10 25

 

01 07 08 19 20 25

07 08 09 10 11 12

11 12 13 14 15 16

15 16 17 18 19 20

 

CONJUNTO 4

 

03 04 10 11 12 13 14 15 16 17 18 19 20 21 22 23

 

11 12 13 14 15 16

15 16 17 18 19 20

03 19 20 21 22 23

03 04 10 11 12 23

 

03 04 10 21 22 23

04 10 11 12 13 14

13 14 15 16 17 18

17 18 19 20 21 22

 

CONJUNTO 5

 

01 06 07 13 14 15 16 17 18 19 20 21 22 23 24 25

 

13 14 15 16 17 18

17 18 19 20 21 22

01 21 22 23 24 25

01 06 07 13 14 25

 

01 06 07 23 24 25

06 07 13 14 15 16

15 16 17 18 19 20

19 20 21 22 23 24

 

CONJUNTO 6

 

01 02 03 04 09 10 16 17 18 19 20 21 22 23 24 25

 

04 09 10 16 17 18

17 18 19 20 21 22

01 21 22 23 24 25

01 02 03 04 09 25

 

01 02 03 23 24 25

02 03 04 09 10 16

10 16 17 18 19 20

19 20 21 22 23 24

 

CONJUNTO 7

 

 

01 02 03 04 05 06 07 12 13 19 20 21 22 23 24 25

 

04 05 06 07 12 13

12 13 19 20 21 22

01 21 22 23 24 25

01 02 03 04 05 25

 

01 02 03 23 24 25

02 03 04 05 06 07

06 07 12 13 19 20

19 20 21 22 23 24

 

CONJUNTO 8

 

01 02 03 04 05 06 07 08 09 10 15 16 22 23 24 25

 

04 05 06 07 08 09

08 09 10 15 16 22

01 16 22 23 24 25

01 02 03 04 05 25

 

01 02 03 23 24 25

02 03 04 05 06 07

06 07 08 09 10 15

10 15 16 22 23 24

 

CONJUNTO 9

 

01 02 03 04 05 06 07 08 09 10 11 12 13 18 19 25

 

04 05 06 07 08 09

08 09 10 11 12 13

01 12 13 18 19 25

01 02 03 04 05 25

 

01 02 03 18 19 25

02 03 04 05 06 07

06 07 08 09 10 11

10 11 12 13 18 19

 

CONJUNTO 10

 

03 04 05 06 07 08 09 10 11 12 13 14 15 16 21 22

 

06 07 08 09 10 11

10 11 12 13 14 15

03 14 15 16 21 22

03 04 05 06 07 22

 

03 04 05 16 21 22

04 05 06 07 08 09

08 09 10 11 12 13

12 13 14 15 16 21

 

CONJUNTO 11

 

06 07 08 09 10 11 12 13 14 15 16 17 18 19 24 25

 

09 10 11 12 13 14

13 14 15 16 17 18

06 17 18 19 24 25

06 07 08 09 10 25

 

06 07 08 19 24 25

07 08 09 10 11 12

11 12 13 14 15 16

15 16 17 18 19 24

 

CONJUNTO 12

 

01 02 03 04 05 06 07 08 18 19 20 21 22 23 24 25

 

04 05 06 07 08 18

08 18 19 20 21 22

01 21 22 23 24 25

01 02 03 04 05 25

 

01 02 03 23 24 25

02 03 04 05 06 07

06 07 08 18 19 20

19 20 21 22 23 24

 

CONJUNTO 13

 

01 02 03 04 05 06 07 08 09 10 11 21 22 23 24 25

 

04 05 06 07 08 09

08 09 10 11 21 22

01 21 22 23 24 25

01 02 03 04 05 25

 

01 02 03 23 24 25

02 03 04 05 06 07

06 07 08 09 10 11

10 11 21 22 23 24

 

CONJUNTO 14

 

01 02 03 04 05 06 07 08 09 10 11 12 13 14 24 25

 

04 05 06 07 08 09

08 09 10 11 12 13

01 12 13 14 24 25

01 02 03 04 05 25

 

01 02 03 14 24 25

02 03 04 05 06 07

06 07 08 09 10 11

10 11 12 13 14 24

 

CONJUNTO 15

 

02 03 04 05 06 07 08 09 10 11 12 13 14 15 16 17

 

05 06 07 08 09 10

09 10 11 12 13 14

02 13 14 15 16 17

02 03 04 05 06 17

 

02 03 04 15 16 17

03 04 05 06 07 08

07 08 09 10 11 12

11 12 13 14 15 16